Function A: ADD 732
Function B: MULTIPLY 87
Function C: RAISE TO THE POWER OF 3

1326
5194
2564
4594
4483
9109
8296
2483
5231
2874
3849
4900
6097
4591
7247
1795
8870
7470
9026
6792
4045
3878
5126
1859
7240
8360
4440
3833
6526
7180
8638
9319
2709
5572
6289
1863
1795
8258
9140
7145
8930
7987
9167
8295
3214
2747
9917
1589
1803
3699
8360
7198
1934
9237
4350
5949
1457
8098
1281
1816
6170
2298
9462
6400
8870
9644
9771
4400
3881
1034
9285
6634
8747
6911
4486
3408
5242
1123
2773
4953
2842
4535
6329
6283
7593
3243
6795
5958
3574
6895
1465
7839
7637
7242
6294
5160
4330
3208
8156
1031
9430